Best accuracy obtained :0.736744
Final cuts :
averageInteractionsPerCrossing : 42.6024
                        p_Rhad : 0.0466414
                       p_Rhad1 : 0.0296093
           p_TRTTrackOccupancy : 0.474643
                p_topoetcone40 : 5.33589
            p_eTileGap3Cluster : 0.332421
                  p_phiModCalo : -1.20942e-06
                  p_etaModCalo : 0.0125342

Number of settings:    65536
Elapsed time      :    68.22
task time [mus]   :     1041
